Cedar Grove-Verona  (70,450)  (40,479)  (40,449)  (99,480)  (70,420)  (100,420)  (100,450)  (38,419)  (69,509)  (39,509)  (10,479)  (10,449)  (129,480)  (129,510)  (99,510)  (9,510)  (68,390)  (98,390)  (128,390)  (130,420)  (130,450)  (8,419)  (8,389)  (38,389)  (69,539)  (39,539)  (117,540)  (9,540)  (68,360)  (160,406)  (160,436)  (160,466)  (0,359)  (30,359)  (87,569)  (57,569)  (27,570)  (0,329)  (30,329)  (85,599)  (55,600)  (78,630)
Liberty State Park  (910,1286)  (933,1256)
Montclair  (135,645)  (105,674)  (164,675)  (121,615)  (151,615)  (165,645)  (181,599)  (134,704)  (104,704)  (171,705)  (144,585)  (195,629)  (174,569)  (204,569)  (211,599)  (141,734)  (111,734)  (234,546)  (168,539)  (198,539)  (149,764)  (228,516)  (258,516)  (185,509)  (215,486)  (245,486)  (275,486)  (215,456)
Passaic  (529,355)  (499,383)  (499,353)  (558,385)  (529,325)  (559,325)  (559,355)  (496,323)  (469,356)  (588,385)  (584,415)  (554,415)  (526,295)  (556,295)  (586,295)  (589,325)  (589,355)  (466,326)  (474,293)  (504,265)  (534,265)  (564,265)  (594,265)  (619,312)  (547,235)
Clifton  (395,429)  (365,458)  (365,428)  (424,459)  (395,399)  (425,399)  (425,429)  (363,398)  (394,488)  (364,488)  (335,458)  (335,428)  (454,459)  (454,489)  (424,489)  (393,369)  (423,369)  (455,404)  (333,398)  (333,368)  (363,368)  (305,449)  (484,434)  (484,464)  (484,494)  (454,519)  (424,519)  (393,339)  (423,339)  (303,419)  (303,389)  (303,359)  (333,338)  (363,338)  (489,524)  (514,442)  (514,472)  (459,549)  (393,309)  (423,309)  (273,428)  (320,308)  (350,308)  (519,502)  (519,532)  (489,554)  (527,562)  (544,460)  (380,279)  (410,279)  (440,279)  (333,278)  (549,490)  (549,520)  (557,550)  (341,248)
Yonkers  (1694,4)  (1664,0)  (1724,0)  (1740,30)  (1754,0)  (1770,30)  (1784,0)  (1800,30)  (1814,0)  (1830,30)  (1844,0)
Bogota  (1002,236)  (1019,266)
Sea Zone 11 East River  (1815,710)  (1785,716)  (1844,740)  (1809,680)  (1845,698)  (1814,746)  (1875,696)  (1749,709)  (1824,776)  (1794,784)  (1727,799)  (1905,690)  (1909,651)  (1828,806)  (1867,824)  (1935,681)  (1691,689)  (1672,720)  (1957,711)  (1667,752)  (1661,690)  (1983,650)  (1642,722)  (1998,680)  (2013,641)  (1612,737)  (1878,915)  (2028,671)  (2043,635)  (2058,665)  (2078,695)  (2088,663)  (2108,693)
Great Neck  (2365,676)  (2335,673)  (2394,706)  (2364,706)  (2365,646)  (2395,646)  (2395,676)  (2331,643)  (2424,706)  (2424,736)  (2394,736)  (2364,736)  (2361,616)  (2391,616)  (2421,616)  (2425,646)  (2425,676)  (2301,643)  (2304,613)  (2451,590)  (2454,706)  (2454,736)  (2454,766)  (2424,766)  (2394,766)  (2364,766)  (2343,586)  (2373,586)  (2403,586)  (2455,620)  (2455,650)  (2484,682)  (2484,712)  (2484,742)  (2484,772)  (2454,796)  (2424,796)  (2394,796)  (2346,556)  (2376,556)  (2406,556)  (2490,802)  (2514,744)  (2460,826)  (2430,826)  (2344,526)
Sea Zone 2 Middle Hudson  (1240,674)  (1210,703)  (1269,704)  (1242,644)  (1270,674)  (1272,642)  (1239,733)  (1209,733)  (1258,612)  (1288,612)  (1302,642)  (1318,596)  (1242,763)  (1212,763)  (1182,764)  (1276,582)  (1306,566)  (1336,566)  (1226,793)  (1196,794)  (1166,794)  (1366,541)  (1294,536)  (1324,536)  (1204,824)  (1174,824)  (1144,824)  (1354,511)  (1301,506)  (1384,506)  (1182,854)  (1152,854)  (1122,864)  (1331,481)  (1361,476)  (1391,476)  (1165,884)  (1327,451)  (1357,446)  (1387,446)  (1345,416)  (1375,416)  (1405,416)  (1349,386)
Concourse  (1523,487)  (1552,517)  (1522,517)  (1527,457)  (1553,487)  (1557,453)  (1541,547)  (1583,483)  (1587,438)
Lower East Side  (1261,1168)  (1288,1198)  (1258,1198)  (1247,1138)  (1291,1148)  (1228,1208)
Sea Zone 9 East River  (1338,1106)  (1350,1136)  (1335,1076)  (1471,816)
Palisades Park  (1121,411)  (1130,381)  (1150,441)  (1151,411)  (1181,399)
East Flatbush  (1431,1626)  (1460,1656)  (1430,1656)  (1413,1596)  (1443,1596)  (1461,1626)  (1473,1589)  (1490,1656)  (1490,1686)  (1460,1686)  (1491,1619)  (1503,1587)  (1520,1649)  (1521,1617)  (1527,1543)  (1533,1573)  (1551,1603)  (1551,1633)  (1563,1569)  (1581,1599)
Perth Amboy  (-6,2336)
Union City  (975,907)  (993,877)  (973,937)  (962,967)
Sea Zone 14 Hackensack River  (1001,452)
Secaucus  (843,780)  (813,809)  (872,810)  (843,750)  (873,750)  (873,780)  (842,839)  (812,839)  (782,840)  (871,720)  (901,720)  (903,750)  (903,780)  (931,695)  (864,869)  (834,869)  (804,870)  (774,870)  (933,725)  (933,755)  (933,785)  (853,899)  (823,900)  (793,900)  (806,930)  (776,930)  (785,960)
Bedford park  (1676,275)  (1695,245)  (1646,298)  (1706,275)  (1616,318)  (1715,215)  (1725,245)  (1755,226)
Jackson Heights  (1733,947)  (1703,976)  (1703,946)  (1762,977)  (1733,917)  (1763,917)  (1763,947)  (1792,977)  (1793,901)  (1793,931)  (1822,961)  (1852,958)
New Hyde Park  (2532,923)  (2502,901)  (2532,893)  (2562,893)  (2562,923)  (2565,953)  (2493,871)  (2591,983)  (2523,863)  (2553,863)  (2583,863)  (2592,893)  (2592,923)  (2595,953)  (2613,842)  (2621,983)  (2621,1013)  (2591,1013)  (2540,833)  (2570,833)  (2622,872)  (2622,902)  (2622,1043)  (2622,1073)  (2592,1086)  (2622,1103)  (2592,1116)
Port Washington  (2481,423)  (2451,432)  (2451,402)  (2481,393)  (2511,393)  (2511,423)  (2463,363)  (2493,363)  (2523,363)  (2541,393)  (2541,423)  (2553,351)  (2462,333)  (2492,333)  (2522,333)  (2571,381)  (2571,411)  (2571,441)  (2577,520)  (2552,321)  (2583,330)  (2588,471)  (2501,303)  (2601,360)  (2601,390)  (2601,420)  (2607,501)  (2607,531)  (2577,550)  (2618,450)  (2618,561)  (2588,580)  (2622,591)  (2592,610)  (2622,621)  (2562,632)  (2592,640)  (2622,651)  (2562,662)  (2592,670)  (2622,681)  (2562,692)  (2592,700)  (2622,711)  (2562,722)  (2592,730)  (2622,741)  (2562,752)  (2592,760)  (2622,771)  (2562,782)  (2592,790)
Carlstadt  (824,551)  (826,581)  (822,521)  (852,521)  (854,551)  (855,611)  (856,581)  (791,497)  (821,491)  (884,542)  (885,611)  (885,641)  (855,641)  (886,572)  (761,480)  (791,467)  (915,602)  (915,632)  (916,564)  (744,450)  (945,594)  (945,624)  (975,613)
Ridgefield  (1034,527)  (1063,557)  (1033,557)  (1064,501)  (1093,531)  (1061,587)  (1031,587)  (1094,497)  (1123,527)  (1124,487)
Manhattenville  (1374,611)  (1394,581)  (1368,641)  (1412,551)  (1425,521)
Clinton  (1191,976)  (1187,1006)  (1195,946)  (1225,934)  (1194,1036)  (1222,904)
Liberty Island  (980,1371)
Hillcrest  (2105,1151)  (2075,1180)  (2075,1150)  (2134,1181)  (2105,1121)  (2135,1121)  (2135,1151)  (2073,1120)  (2104,1210)  (2074,1210)  (2045,1180)  (2045,1150)  (2164,1181)  (2164,1211)  (2134,1211)  (2044,1211)  (2103,1091)  (2133,1091)  (2163,1091)  (2165,1121)  (2165,1151)  (2043,1120)  (2043,1090)  (2073,1090)  (2193,1072)  (2098,1240)  (2015,1181)  (2015,1151)  (2194,1181)  (2068,1241)  (2195,1102)  (2195,1132)  (2013,1121)  (2013,1091)  (2223,1061)  (2224,1162)  (2224,1192)  (2225,1091)  (2225,1121)  (1983,1127)  (1983,1097)  (2253,1055)  (2254,1151)  (2254,1181)  (2255,1085)  (2255,1115)  (2284,1148)
Prospect Heights  (1373,1456)  (1343,1440)  (1403,1452)  (1433,1454)  (1463,1457)  (1493,1458)  (1523,1460)
Jamaica Bay Wildlife Refuge  (1974,1768)  (1983,1738)  (2002,1798)  (1972,1798)  (2004,1768)
North Bergen  (1002,709)  (1023,739)  (993,739)  (1005,679)  (1032,709)  (1035,676)  (1015,769)  (1062,706)  (1034,646)  (985,796)  (1092,700)  (1118,730)  (977,826)  (912,842)  (947,845)  (917,872)  (929,902)  (924,932)
Bushwick  (1537,1327)  (1507,1309)  (1537,1297)  (1567,1297)  (1567,1327)  (1573,1357)  (1603,1339)  (1603,1369)  (1627,1399)
Mott Haven  (1535,633)  (1564,663)  (1517,603)  (1547,603)  (1565,633)  (1577,591)  (1594,663)  (1595,621)  (1607,581)
Great Kills Park  (589,2222)  (619,2212)  (619,2242)
Prospect Park  (1318,1530)  (1337,1500)  (1347,1560)  (1348,1530)
Leonia  (1165,323)  (1186,290)
Bayside  (2229,959)  (2199,988)  (2199,958)  (2258,989)  (2229,929)  (2259,929)  (2259,959)  (2197,928)  (2228,1018)  (2198,1018)  (2169,988)  (2169,958)  (2288,989)  (2288,1019)  (2168,1019)  (2227,899)  (2257,899)  (2289,910)  (2289,940)  (2167,928)  (2167,898)  (2197,898)  (2318,970)  (2318,1000)  (2318,1030)  (2227,869)  (2257,869)  (2319,921)  (2174,868)  (2329,1060)  (2341,883)  (2345,843)  (2348,951)  (2348,981)  (2348,1011)  (2243,839)  (2349,913)  (2359,1041)  (2359,1071)  (2329,1090)  (2371,873)  (2378,943)  (2378,973)  (2378,1003)  (2379,903)  (2389,1033)  (2322,1120)  (2408,933)  (2408,963)  (2408,993)  (2409,886)  (2438,916)  (2438,946)  (2438,976)  (2468,932)
Floyd Bennett Field  (1661,1943)  (1690,1973)  (1672,1913)  (1691,1943)  (1702,1903)  (1720,1973)  (1720,2003)  (1690,2003)  (1721,1938)
Rockaway Park-Seaside  (1886,2042)  (1856,2066)  (1916,2039)  (2064,1987)  (2094,1980)  (2118,1933)  (2124,1963)  (2181,1958)  (2211,1942)  (2241,1942)  (2271,1944)  (2272,1885)  (2301,1915)  (2301,1945)  (2302,1874)  (2331,1904)  (2331,1934)  (2332,1867)  (2361,1897)
Sea Zone 7 Arthur Kill  (73,2177)  (43,2206)  (103,2155)  (32,2236)  (29,2266)  (174,2164)  (38,2296)  (193,2134)  (198,2093)  (210,2042)  (53,2326)  (215,2012)  (224,1982)  (256,1929)  (240,1814)  (241,1767)
Jersey City  (742,1185)  (771,1215)  (741,1215)  (727,1155)  (757,1155)  (772,1185)  (711,1216)  (787,1140)  (801,1215)  (801,1245)  (771,1245)  (741,1245)  (738,1125)  (802,1170)  (711,1246)  (768,1110)  (798,1110)  (817,1140)  (828,1099)  (831,1200)  (831,1230)  (831,1260)  (801,1275)  (771,1275)  (741,1275)  (832,1170)  (711,1276)  (846,1290)  (847,1129)  (816,1069)  (846,1069)  (858,1099)  (861,1200)  (861,1230)  (861,1260)  (816,1305)  (786,1305)  (756,1305)  (862,1159)  (726,1306)  (696,1314)  (876,1051)  (877,1129)  (826,1039)  (888,1081)  (891,1189)  (891,1219)  (820,1335)  (790,1335)  (760,1335)  (892,1159)  (730,1336)  (700,1344)  (856,1021)  (886,1021)  (906,1051)  (907,1111)  (916,1011)  (772,1365)  (742,1366)  (826,1002)  (712,1374)  (856,991)  (886,991)  (916,981)  (772,1395)  (742,1396)  (824,972)  (712,1404)  (854,961)  (884,961)  (763,1426)
Atlantic Beach  (2398,1992)  (2578,2006)  (2608,2006)
Upper West Side  (1299,767)  (1300,797)  (1306,737)  (1270,804)  (1336,730)  (1280,834)  (1325,700)  (1250,845)
Financial District  (1140,1215)  (1166,1245)  (1136,1245)  (1132,1185)  (1170,1203)  (1133,1275)
Sheepshead Bay  (1369,1938)  (1339,1965)  (1339,1935)  (1398,1968)  (1369,1908)  (1399,1908)  (1399,1938)  (1337,1905)  (1428,1968)  (1428,1998)  (1398,1998)  (1367,1878)  (1397,1878)  (1427,1878)  (1429,1908)  (1429,1938)  (1337,1875)  (1457,1878)  (1458,1968)  (1458,1998)  (1452,2028)  (1422,2028)  (1459,1908)  (1459,1938)  (1488,1968)  (1488,1998)  (1489,1914)  (1518,1964)
East Harlem  (1458,709)  (1466,739)  (1436,739)  (1459,679)  (1488,709)  (1450,769)
JFK  (2059,1588)  (2029,1585)  (2088,1618)  (2089,1562)  (2118,1592)  (2118,1622)  (2119,1535)  (2122,1652)  (2148,1565)  (2148,1595)  (2152,1625)  (2152,1655)  (2175,1685)  (2178,1550)  (2178,1580)  (2182,1610)  (2182,1640)  (2205,1670)  (2205,1700)  (2208,1565)  (2212,1595)  (2212,1625)  (2235,1655)  (2235,1685)  (2235,1715)  (2242,1588)  (2242,1618)  (2265,1648)  (2265,1678)  (2265,1708)  (2272,1603)  (2295,1633)  (2295,1663)  (2295,1693)  (2325,1652)  (2325,1682)
Kearney  (559,976)  (529,1005)  (529,975)  (588,1006)  (589,960)  (527,945)  (558,1035)  (528,1035)  (499,1005)  (499,975)  (618,1005)  (618,1035)  (588,1036)  (497,945)  (497,915)  (527,915)  (647,1065)  (648,1010)  (467,967)  (467,937)  (467,907)  (497,885)  (527,885)  (677,1040)  (677,1070)  (647,1095)  (437,966)  (491,855)  (521,855)  (679,1100)  (684,1010)  (707,1040)  (649,1125)  (504,825)  (737,1037)  (669,1155)  (639,1155)  (767,1037)
Sea Zone 12 Hackensack River  (677,944)  (647,933)  (677,914)
Lindon  (15,1768)  (44,1798)  (14,1798)  (0,1738)  (30,1738)  (45,1768)  (60,1723)  (74,1798)  (74,1828)  (44,1828)  (14,1828)  (0,1708)  (30,1708)  (75,1753)  (60,1693)  (90,1703)  (104,1783)  (104,1813)  (104,1843)  (74,1858)  (44,1858)  (14,1858)  (0,1678)  (30,1678)  (105,1733)  (117,1664)  (119,1873)  (60,1650)  (134,1764)  (134,1794)  (134,1824)  (0,1648)  (30,1648)  (147,1641)  (147,1671)  (90,1634)  (149,1854)  (60,1620)  (164,1762)  (164,1813)  (0,1618)  (30,1618)  (177,1663)  (177,1693)  (90,1604)  (179,1843)  (60,1590)  (194,1813)  (0,1588)  (30,1588)  (0,1558)  (30,1558)
Ridgefield Park  (1043,370)  (1067,400)  (1031,340)  (1073,349)  (1067,430)
Coney Island  (1205,2057)  (1175,2061)  (1235,2057)  (1255,2007)  (1265,2058)  (1256,1977)  (1285,2007)  (1295,2037)  (1315,2002)  (1325,2032)  (1345,1999)  (1355,2029)  (1385,2036)
Wayne-Totowa-Little Falls  (80,156)  (50,185)  (50,155)  (109,186)  (80,126)  (110,126)  (110,156)  (48,125)  (79,215)  (49,215)  (20,185)  (20,155)  (139,186)  (139,216)  (109,216)  (19,216)  (78,96)  (108,96)  (138,96)  (140,126)  (140,156)  (18,125)  (18,95)  (48,95)  (168,68)  (79,245)  (49,245)  (169,186)  (169,216)  (169,246)  (139,246)  (109,246)  (19,246)  (78,66)  (108,66)  (138,66)  (170,98)  (170,128)  (0,65)  (30,65)  (168,38)  (198,38)  (198,68)  (79,275)  (49,275)  (199,158)  (199,188)  (199,218)  (199,248)  (169,276)  (139,276)  (109,276)  (19,276)  (60,36)  (90,36)  (120,36)  (200,98)  (200,128)  (0,35)  (30,35)  (201,278)  (150,8)  (180,8)  (210,8)  (228,38)  (228,68)  (229,158)  (229,188)  (229,218)  (229,248)  (171,306)  (141,306)  (111,306)  (60,6)  (90,6)  (120,6)  (230,98)  (230,128)  (0,5)  (30,5)  (231,278)  (231,308)  (201,308)  (240,0)  (258,30)  (258,60)  (259,158)  (259,188)  (259,218)  (259,248)  (171,336)  (141,336)  (260,90)  (260,120)  (261,278)  (261,308)  (255,338)  (225,338)  (270,0)  (288,30)  (288,60)  (289,150)  (289,180)  (289,210)  (289,240)  (195,366)  (290,90)  (290,120)  (291,270)  (244,368)  (300,0)  (318,30)  (318,60)  (319,150)  (319,180)  (320,90)  (320,120)
La Guardia  (1743,837)  (1773,838)  (1803,857)
Sea Zone 13 Passaic River  (431,914)
Flatbush  (1368,1704)  (1397,1734)  (1356,1674)  (1386,1674)  (1398,1704)  (1324,1726)  (1422,1764)  (1392,1764)  (1350,1644)  (1380,1644)  (1427,1794)  (1397,1794)  (1348,1614)  (1378,1614)  (1406,1824)
Newark  (291,1102)  (261,1131)  (261,1101)  (320,1132)  (291,1072)  (321,1072)  (321,1102)  (259,1071)  (290,1161)  (260,1161)  (231,1131)  (231,1101)  (350,1132)  (350,1162)  (320,1162)  (230,1162)  (289,1042)  (319,1042)  (349,1042)  (351,1072)  (351,1102)  (229,1071)  (229,1041)  (259,1041)  (290,1191)  (260,1191)  (201,1132)  (201,1102)  (380,1132)  (380,1162)  (380,1192)  (350,1192)  (320,1192)  (230,1192)  (200,1192)  (200,1162)  (289,1012)  (319,1012)  (349,1012)  (381,1071)  (381,1101)  (248,1011)  (379,994)  (290,1221)  (260,1221)  (410,1131)  (410,1161)  (410,1191)  (341,1222)  (230,1222)  (200,1222)  (170,1222)  (170,1192)  (278,982)  (308,982)  (338,982)  (418,1221)  (368,964)  (311,1251)  (281,1251)  (440,1130)  (440,1160)  (440,1190)  (251,1252)  (221,1252)  (278,952)  (308,952)  (338,952)  (448,1220)  (368,934)  (119,1065)  (464,1250)  (468,1280)  (307,1281)  (470,1130)  (470,1160)  (470,1190)  (291,922)  (321,922)  (398,920)  (478,1220)  (94,1035)  (351,904)  (89,1074)  (494,1250)  (498,1280)  (500,1127)  (500,1157)  (500,1187)  (314,892)  (381,890)  (411,890)  (508,1217)  (517,1310)  (344,874)  (436,1332)  (59,1086)  (524,1097)  (524,1247)  (528,1277)  (530,1127)  (530,1157)  (530,1187)  (374,860)  (468,1347)  (538,1217)  (547,1307)  (547,1337)  (498,1365)  (554,1086)  (554,1247)  (558,1277)  (560,1116)  (560,1146)  (560,1176)  (568,1206)  (584,1086)  (590,1116)
The Waterfront  (952,1159)  (981,1189)  (951,1189)  (943,1129)  (973,1129)  (982,1159)
Astoria  (1529,886)  (1499,915)  (1558,916)  (1532,856)  (1559,886)  (1562,853)  (1528,945)  (1498,945)  (1588,916)  (1588,946)  (1558,946)  (1468,946)  (1589,883)  (1571,823)  (1592,853)  (1601,814)  (1528,975)  (1498,975)  (1618,913)  (1618,943)  (1589,976)  (1559,976)  (1619,883)  (1622,846)  (1604,784)  (1648,913)  (1649,876)  (1679,878)
Sea Zone 4 Long Island Sound  (2049,362)  (2055,392)  (2055,478)  (2060,422)  (2066,508)  (2085,452)  (2090,417)  (2096,482)  (2096,512)  (2098,542)  (2115,447)  (2121,572)  (2126,477)  (2126,507)  (2127,417)  (2128,537)  (2133,620)  (2137,383)  (2145,447)  (2151,567)  (2156,477)  (2156,507)  (2158,537)  (2163,597)  (2163,627)  (2166,323)  (2167,688)  (2169,718)  (2172,657)  (2178,353)  (2181,567)  (2182,196)  (2185,293)  (2186,483)  (2188,513)  (2193,597)  (2193,627)  (2196,226)  (2196,323)  (2197,687)  (2198,383)  (2202,262)  (2202,657)  (2204,413)  (2207,443)  (2208,353)  (2211,543)  (2212,176)  (2215,292)  (2216,473)  (2218,503)  (2223,573)  (2223,603)  (2226,206)  (2226,322)  (2227,687)  (2228,383)  (2232,236)  (2232,633)  (2234,413)  (2237,443)  (2238,352)  (2241,533)  (2242,169)  (2245,266)  (2246,473)  (2248,503)  (2250,717)  (2253,563)  (2253,593)  (2256,199)  (2256,296)  (2257,663)  (2258,382)  (2262,229)  (2264,412)  (2264,747)  (2267,442)  (2268,127)  (2268,326)  (2269,777)  (2271,533)  (2272,157)  (2274,28)  (2275,259)  (2276,472)  (2278,502)  (2280,693)  (2282,807)  (2283,563)  (2286,187)  (2286,289)  (2287,95)  (2288,58)  (2288,356)  (2292,217)  (2294,386)  (2294,723)  (2295,837)  (2297,416)  (2298,125)  (2298,319)  (2299,753)  (2302,155)  (2304,0)  (2305,247)  (2306,446)  (2312,783)  (2316,185)  (2316,277)  (2317,88)  (2318,30)  (2318,349)  (2322,215)  (2324,379)  (2327,409)  (2328,118)  (2328,307)  (2332,148)  (2334,0)  (2335,245)  (2336,439)  (2346,178)  (2346,275)  (2347,60)  (2348,30)  (2348,337)  (2352,208)  (2354,367)  (2357,397)  (2358,90)  (2358,305)  (2358,469)  (2362,120)  (2364,0)  (2365,238)  (2366,427)  (2376,150)  (2376,268)  (2377,60)  (2378,30)  (2378,335)  (2382,180)  (2384,365)  (2388,90)  (2388,298)  (2388,457)  (2389,487)  (2392,120)  (2394,0)  (2395,210)  (2406,150)  (2406,240)  (2407,60)  (2408,30)  (2408,328)  (2412,180)  (2414,358)  (2418,90)  (2418,270)  (2419,490)  (2422,120)  (2424,0)  (2425,210)  (2436,150)  (2436,240)  (2437,60)  (2438,30)  (2442,180)  (2443,520)  (2448,90)  (2448,270)  (2452,120)  (2454,0)  (2455,210)  (2465,489)  (2466,150)  (2466,240)  (2467,60)  (2468,30)  (2472,180)  (2473,519)  (2478,90)  (2482,120)  (2484,0)  (2485,210)  (2486,549)  (2495,489)  (2496,150)  (2496,240)  (2497,60)  (2498,30)  (2502,180)  (2503,519)  (2505,579)  (2508,90)  (2512,120)  (2514,0)  (2514,609)  (2515,210)  (2516,549)  (2526,150)  (2526,240)  (2527,60)  (2528,30)  (2532,180)  (2533,513)  (2535,579)  (2538,90)  (2542,120)  (2544,0)  (2545,210)  (2553,270)  (2556,150)  (2556,240)  (2557,60)  (2558,30)  (2562,180)  (2568,90)  (2572,120)  (2574,0)  (2575,210)  (2583,270)  (2586,150)  (2586,240)  (2587,60)  (2588,30)  (2592,180)  (2598,90)  (2602,120)  (2604,0)  (2605,210)  (2613,270)  (2616,150)  (2616,240)  (2617,60)  (2618,30)  (2621,300)  (2622,180)
Fort Wadsworth Park  (926,1899)
Van Cortlandt Park  (1678,90)  (1705,120)  (1678,60)  (1708,63)  (1675,139)  (1735,93)  (1722,150)
Nutley-Belleville  (367,661)  (337,669)  (396,691)  (351,631)  (381,631)  (397,661)  (366,699)  (411,617)  (426,691)  (426,721)  (396,721)  (370,601)  (427,647)  (366,729)  (400,587)  (430,587)  (441,617)  (336,746)  (456,677)  (456,707)  (456,737)  (426,751)  (396,751)  (457,647)  (366,759)  (471,615)  (472,767)  (336,776)  (486,677)  (486,707)  (486,737)  (442,781)  (412,781)  (487,645)  (382,789)  (452,811)  (422,811)
Roosevelt Island  (1418,926)
Schuylerville-Throgs Neck  (1941,515)  (1970,545)  (1943,485)  (1971,515)  (1973,483)  (2000,545)  (2000,575)  (1970,575)  (2001,513)  (1951,453)  (1981,453)  (2003,483)  (2011,446)  (2030,567)  (2030,597)  (1986,605)  (1956,605)  (1956,423)  (2060,568)  (2060,598)  (1959,393)
Weehawken  (1019,919)  (1025,949)  (1047,889)
Fort Lee  (1234,342)  (1263,372)  (1233,372)  (1235,312)  (1264,342)  (1265,311)  (1253,402)  (1223,402)  (1294,341)  (1273,281)  (1295,311)  (1303,278)  (1242,432)  (1212,432)  (1325,308)  (1325,338)  (1231,462)  (1201,462)
Moonachie-Little Ferry  (899,455)  (869,473)  (928,485)  (889,425)  (919,425)  (929,455)  (949,405)  (839,447)  (958,485)  (958,515)  (928,515)  (904,395)  (959,435)  (934,375)  (964,375)  (979,405)  (927,345)  (957,345)
City Island  (2167,409)
Carteret  (52,2009)  (22,2038)  (22,2008)  (81,2039)  (52,1979)  (82,1979)  (82,2009)  (20,1978)  (51,2068)  (21,2068)  (111,2039)  (111,2069)  (81,2069)  (50,1949)  (80,1949)  (110,1949)  (112,1979)  (112,2009)  (0,1948)  (140,1925)  (51,2098)  (18,2098)  (141,2039)  (141,2069)  (141,2099)  (111,2099)  (81,2099)  (30,1919)  (60,1919)  (142,1955)  (142,1985)  (0,1918)  (4,2128)  (171,2015)  (171,2045)  (172,1954)  (172,1984)
Central Staten Island  (499,1962)  (469,1991)  (469,1961)  (528,1992)  (499,1932)  (529,1932)  (529,1962)  (467,1931)  (498,2021)  (468,2021)  (439,1991)  (439,1961)  (558,1992)  (558,2022)  (528,2022)  (438,2022)  (497,1902)  (527,1902)  (557,1902)  (559,1932)  (559,1962)  (437,1931)  (437,1901)  (467,1901)  (587,1879)  (498,2051)  (468,2051)  (409,1992)  (409,1962)  (588,1992)  (588,2022)  (582,2052)  (552,2052)  (438,2052)  (408,2052)  (408,2022)  (589,1909)  (589,1939)  (407,1932)  (407,1902)  (407,1872)  (437,1871)  (467,1871)  (617,1877)  (379,1992)  (379,1962)  (618,1969)  (618,1999)  (618,2029)  (465,2082)  (435,2082)  (405,2082)  (378,2052)  (378,2022)  (378,1842)  (619,1907)  (619,1937)  (377,1932)  (377,1902)  (377,1872)  (408,1841)  (438,1841)  (375,2084)  (647,1870)  (647,2059)  (349,1992)  (349,1962)  (648,1967)  (648,1997)  (648,2027)  (648,2089)  (418,2112)  (348,2054)  (348,2024)  (348,1842)  (348,1812)  (378,1812)  (649,1900)  (649,1930)  (347,1932)  (347,1902)  (347,1872)  (408,1811)  (388,2114)  (677,1867)  (677,2057)  (319,1994)  (319,1964)  (678,1960)  (678,1990)  (678,2020)  (678,2087)  (318,2033)  (318,1842)  (318,1812)  (318,1782)  (348,1782)  (679,1897)  (679,1927)  (317,1934)  (317,1904)  (317,1874)  (707,1867)  (707,2050)  (289,2003)  (289,1973)  (708,1957)  (708,1987)  (708,2017)  (288,1797)  (288,1767)  (318,1752)  (709,1897)  (709,1927)  (283,1737)  (737,1867)  (737,2047)  (738,1957)  (738,1987)  (738,2017)  (739,1897)  (739,1927)  (752,2077)  (767,2047)  (768,1957)  (768,1987)  (768,2017)  (769,1880)  (769,1910)  (798,1940)  (798,1970)  (798,2000)  (798,2030)  (799,1891)  (828,1921)  (828,1951)  (828,1981)  (828,2011)  (858,1904)  (858,1934)  (858,1964)
Westchester Square  (1886,459)
Central Park  (1346,801)  (1335,831)  (1362,771)  (1318,861)  (1378,741)
Harlem  (1441,624)  (1423,654)  (1447,594)  (1416,684)  (1466,564)
North Brooklyn  (1415,1196)  (1385,1225)  (1385,1195)  (1444,1226)  (1415,1166)  (1445,1166)  (1445,1196)  (1384,1165)  (1414,1255)  (1384,1255)  (1355,1225)  (1474,1226)  (1474,1256)  (1444,1256)  (1414,1136)  (1444,1136)  (1475,1146)  (1475,1176)  (1384,1135)  (1414,1285)  (1384,1285)  (1504,1206)  (1504,1236)  (1449,1286)  (1414,1106)  (1505,1157)  (1383,1105)
Newark Airport  (343,1306)  (361,1276)  (371,1336)  (341,1336)  (373,1306)  (391,1256)  (311,1362)  (363,1366)  (403,1286)  (333,1392)  (330,1422)
Worthington-WoodRidge  (641,413)  (671,397)  (671,427)  (701,398)  (701,428)
Sea Zone 8 Newark Bay  (542,1440)  (555,1470)  (535,1410)  (565,1410)  (572,1440)  (525,1475)  (595,1387)  (531,1505)  (501,1511)  (459,1523)  (595,1357)  (516,1541)  (486,1553)  (456,1553)  (426,1569)  (638,1299)  (488,1583)  (458,1583)  (428,1599)  (620,1269)  (473,1613)  (398,1614)  (443,1629)  (616,1239)  (473,1643)
Forest Park  (1890,1288)  (1830,1311)
Lincoln Heights  (1475,372)  (1494,342)  (1498,402)  (1468,402)  (1505,372)  (1524,317)  (1485,432)  (1455,432)  (1517,287)  (1547,287)  (1472,462)  (1442,475)  (1526,257)
Elmhurst  (1729,1053)  (1758,1083)  (1728,1083)  (1759,1030)  (1788,1060)  (1738,1113)  (1789,1025)  (1818,1055)  (1819,1020)  (1848,1050)
Bayonne  (605,1543)  (575,1572)  (575,1542)  (634,1573)  (605,1513)  (635,1513)  (635,1543)  (597,1602)  (567,1602)  (664,1573)  (600,1483)  (630,1483)  (665,1518)  (537,1610)  (537,1580)  (679,1465)  (694,1548)  (694,1578)  (621,1453)  (651,1435)  (724,1542)  (724,1572)  (643,1405)  (658,1375)
Woodmere  (2513,1684)  (2483,1710)  (2483,1660)  (2542,1714)  (2513,1654)  (2543,1654)  (2543,1684)  (2453,1663)  (2572,1714)  (2572,1744)  (2542,1744)  (2573,1625)  (2573,1655)  (2423,1656)  (2602,1685)  (2602,1738)  (2580,1774)  (2603,1625)  (2603,1655)
BensonHurst  (1163,1873)  (1192,1903)  (1162,1843)  (1192,1843)  (1193,1873)  (1222,1814)  (1222,1903)  (1222,1933)  (1186,1813)  (1223,1844)  (1216,1784)  (1252,1812)  (1252,1874)  (1252,1904)  (1253,1842)  (1282,1872)  (1282,1902)  (1283,1837)
Bronx Park  (1752,352)  (1773,382)  (1754,322)  (1766,292)
Teaneck  (1039,152)  (1009,173)  (1068,182)  (1026,122)  (1056,122)  (1069,152)  (1086,105)  (1098,182)  (1098,212)  (1068,212)  (1042,92)  (1099,135)  (1072,75)  (1102,75)  (1116,105)  (1128,165)  (1128,195)  (1128,225)  (1098,242)  (1068,242)  (1129,135)  (1132,59)  (1141,255)  (1057,45)  (1087,45)  (1158,165)  (1158,195)  (1111,272)  (1081,272)  (1117,29)  (1147,29)  (1049,15)  (1079,15)  (1104,302)  (1074,302)
Englewood  (1188,56)  (1217,86)  (1187,86)  (1179,26)  (1209,26)  (1218,56)  (1239,5)  (1247,86)  (1247,116)  (1217,116)  (1187,116)  (1248,35)  (1269,0)  (1277,65)  (1266,146)  (1236,146)  (1206,146)  (1278,30)  (1299,0)  (1270,176)  (1240,176)  (1210,176)  (1259,206)  (1229,206)  (1248,236)
Irvington  (60,1165)  (30,1194)  (30,1164)  (89,1195)  (60,1135)  (90,1135)  (90,1165)  (16,1134)  (0,1213)  (0,1183)  (116,1105)  (120,1135)  (120,1165)  (146,1097)
Pelham Parkway  (1846,343)  (1816,372)  (1816,342)  (1875,373)  (1846,313)  (1876,313)  (1876,343)  (1814,312)  (1845,402)  (1815,402)  (1905,373)  (1905,403)  (1875,403)  (1864,283)  (1906,301)  (1906,331)  (1936,322)
Upper East Side  (1396,855)  (1366,884)  (1399,885)  (1386,825)  (1416,825)  (1369,914)
Brooklyn Heights  (1237,1319)  (1266,1349)  (1236,1349)  (1267,1290)  (1296,1320)  (1296,1350)  (1266,1379)  (1297,1289)  (1297,1380)  (1326,1319)  (1326,1349)  (1327,1379)  (1357,1356)  (1357,1386)
West New York  (1061,785)  (1090,815)  (1068,755)  (1091,785)
Sea Zone 1 Upper Hudson  (1457,176)  (1427,205)  (1486,206)  (1448,146)  (1478,146)  (1487,176)  (1508,125)  (1456,235)  (1426,235)  (1486,236)  (1458,116)  (1517,155)  (1517,185)  (1488,95)  (1518,95)  (1538,125)  (1456,265)  (1426,265)  (1548,85)  (1471,65)  (1501,65)  (1396,288)  (1469,295)  (1439,295)  (1531,55)  (1561,51)  (1482,35)  (1409,318)  (1452,325)  (1379,325)  (1512,25)  (1542,21)  (1572,9)  (1422,348)
Rikers Island  (1711,744)  (1741,747)
Middle Village  (1667,1223)  (1637,1252)  (1637,1222)  (1696,1253)  (1667,1193)  (1697,1193)  (1697,1223)  (1635,1192)  (1666,1282)  (1636,1282)  (1607,1252)  (1607,1222)  (1726,1253)  (1726,1283)  (1696,1283)  (1665,1163)  (1695,1163)  (1725,1163)  (1727,1193)  (1727,1223)  (1605,1192)  (1629,1162)  (1755,1147)  (1666,1312)  (1577,1239)  (1756,1253)  (1756,1283)  (1756,1313)  (1726,1313)  (1696,1313)  (1659,1133)  (1689,1133)  (1757,1177)  (1757,1207)  (1575,1209)  (1666,1342)  (1786,1237)  (1786,1267)  (1732,1343)  (1702,1343)  (1787,1183)  (1672,1372)  (1816,1223)  (1816,1253)
Riverdale  (1582,127)  (1611,157)  (1581,157)  (1590,97)  (1612,127)  (1620,89)  (1631,187)  (1601,187)  (1571,187)  (1642,119)  (1601,59)  (1631,59)  (1661,194)  (1631,217)  (1607,29)  (1644,247)
Cliffside Park  (1166,551)  (1178,581)  (1178,521)  (1164,611)  (1147,641)
Brownsville  (1575,1494)  (1604,1524)  (1570,1464)  (1600,1464)  (1605,1494)  (1634,1527)  (1594,1434)  (1634,1557)
Flushing Meadows Park  (1891,1024)  (1901,994)  (1921,1024)  (1921,1054)  (1934,1084)
Queens Village-Floral Park  (2359,1206)  (2388,1236)  (2358,1236)  (2337,1176)  (2367,1176)  (2389,1206)  (2397,1168)  (2418,1236)  (2418,1266)  (2388,1266)  (2357,1146)  (2419,1198)  (2387,1138)  (2417,1138)  (2447,1118)  (2438,1296)  (2408,1296)  (2378,1296)  (2392,1108)  (2422,1088)  (2452,1088)  (2477,1118)  (2439,1326)  (2409,1326)  (2482,1083)  (2433,1058)  (2507,1113)  (2439,1356)  (2409,1356)  (2463,1053)  (2493,1053)  (2512,1083)  (2523,1042)  (2379,1375)  (2439,1386)  (2409,1386)  (2462,1023)  (2492,1023)  (2542,1072)  (2522,1012)  (2552,1012)  (2553,1042)  (2379,1405)  (2441,1416)  (2411,1416)  (2485,993)  (2515,982)  (2381,1435)  (2351,1435)  (2433,1446)  (2403,1465)  (2373,1465)  (2343,1465)  (2430,1495)  (2400,1495)  (2370,1495)  (2340,1495)  (2250,1519)  (2220,1520)  (2281,1523)  (2429,1525)  (2399,1525)  (2369,1525)  (2339,1525)  (2309,1553)  (2433,1555)  (2403,1555)  (2373,1555)  (2343,1555)  (2428,1585)  (2398,1585)  (2368,1585)  (2338,1585)  (2369,1615)
Sea Zone 6 Lower Bay  (996,2284)  (966,2313)  (966,2283)  (1025,2314)  (996,2254)  (1026,2254)  (1026,2284)  (964,2253)  (995,2343)  (965,2343)  (936,2313)  (936,2283)  (1055,2314)  (1055,2344)  (1025,2344)  (935,2344)  (994,2224)  (1024,2224)  (1054,2224)  (1056,2254)  (1056,2284)  (934,2253)  (934,2223)  (964,2223)  (1084,2196)  (995,2373)  (965,2373)  (906,2314)  (906,2284)  (1085,2314)  (1085,2344)  (1085,2374)  (1055,2374)  (1025,2374)  (935,2374)  (905,2374)  (905,2344)  (994,2194)  (1024,2194)  (1054,2194)  (1086,2226)  (1086,2256)  (904,2254)  (904,2224)  (904,2194)  (934,2193)  (964,2193)  (1084,2166)  (1114,2166)  (1114,2196)  (995,2403)  (965,2403)  (876,2314)  (876,2284)  (1115,2286)  (1115,2316)  (1115,2346)  (1115,2376)  (1085,2404)  (1055,2404)  (1025,2404)  (935,2404)  (905,2404)  (875,2404)  (875,2374)  (875,2344)  (875,2164)  (994,2164)  (1024,2164)  (1054,2164)  (1116,2226)  (1116,2256)  (874,2254)  (874,2224)  (874,2194)  (905,2163)  (935,2163)  (1117,2406)  (1084,2136)  (1114,2136)  (1144,2136)  (1144,2166)  (1144,2196)  (995,2433)  (965,2433)  (846,2314)  (846,2284)  (1145,2286)  (1145,2316)  (1145,2346)  (1145,2376)  (1087,2434)  (1057,2434)  (1027,2434)  (935,2434)  (905,2434)  (875,2434)  (845,2434)  (845,2404)  (845,2374)  (845,2344)  (845,2164)  (845,2134)  (875,2134)  (965,2134)  (995,2134)  (1025,2134)  (1146,2226)  (1146,2256)  (844,2254)  (844,2224)  (844,2194)  (905,2133)  (935,2133)  (1147,2406)  (1147,2436)  (1117,2436)  (1055,2106)  (1085,2106)  (1115,2106)  (1145,2106)  (1174,2136)  (1174,2166)  (1174,2196)  (997,2463)  (967,2463)  (816,2314)  (816,2284)  (1175,2286)  (1175,2316)  (1175,2346)  (1175,2376)  (1087,2464)  (1057,2464)  (1027,2464)  (937,2464)  (907,2464)  (877,2464)  (847,2464)  (817,2464)  (815,2434)  (815,2404)  (815,2374)  (815,2344)  (815,2164)  (815,2134)  (818,2104)  (848,2104)  (965,2104)  (995,2104)  (1025,2104)  (1176,2226)  (1176,2256)  (814,2254)  (814,2224)  (814,2194)  (878,2103)  (908,2103)  (1177,2406)  (1177,2436)  (1177,2466)  (1147,2466)  (1117,2466)  (787,2492)  (1055,2076)  (1085,2076)  (1115,2076)  (1204,2109)  (1204,2139)  (1204,2169)  (997,2493)  (967,2493)  (786,2314)  (786,2284)  (1205,2286)  (1205,2316)  (1205,2346)  (1205,2376)  (1087,2494)  (1057,2494)  (1027,2494)  (937,2494)  (907,2494)  (877,2494)  (847,2494)  (817,2494)  (785,2462)  (785,2432)  (785,2402)  (785,2372)  (785,2164)  (938,2074)  (968,2074)  (998,2074)  (1206,2199)  (1206,2229)  (784,2254)  (784,2224)  (784,2194)  (850,2073)  (880,2073)  (1207,2406)  (1207,2436)  (1207,2466)  (1207,2496)  (1177,2496)  (1147,2496)  (1117,2496)  (787,2522)  (757,2522)  (757,2492)  (1028,2046)  (1058,2046)  (1088,2046)  (1234,2110)  (1234,2140)  (997,2523)  (967,2523)  (756,2342)  (756,2312)  (1235,2259)  (1235,2289)  (1235,2319)  (1235,2349)  (1087,2524)  (1057,2524)  (1027,2524)  (937,2524)  (907,2524)  (877,2524)  (847,2524)  (817,2524)  (755,2462)  (755,2432)  (755,2402)  (755,2372)  (910,2044)  (940,2044)  (970,2044)  (1236,2170)  (1236,2200)  (754,2282)  (754,2252)  (754,2222)  (754,2192)  (877,2043)  (1237,2379)  (1237,2409)  (1237,2439)  (1237,2469)  (1237,2499)  (1207,2526)  (1177,2526)  (1147,2526)  (1117,2526)  (1240,2529)  (1118,2028)  (787,2552)  (757,2552)  (727,2552)  (727,2522)  (727,2492)  (1000,2016)  (1030,2016)  (1060,2016)  (1264,2109)  (1264,2139)  (726,2342)  (726,2312)  (1265,2230)  (1265,2260)  (1265,2290)  (1265,2320)  (725,2462)  (725,2432)  (725,2402)  (725,2372)  (907,2014)  (937,2014)  (967,2014)  (1266,2169)  (1266,2199)  (724,2282)  (724,2252)  (724,2222)  (1267,2350)  (1267,2380)  (1267,2410)  (1267,2440)  (1267,2470)  (1270,2500)  (1270,2530)  (1148,2009)  (1090,1998)  (697,2552)  (697,2522)  (697,2492)  (997,1986)  (1027,1986)  (1057,1986)  (1294,2104)  (1294,2134)  (696,2342)  (696,2312)  (1295,2229)  (1295,2259)  (1295,2289)  (1295,2319)  (695,2462)  (695,2432)  (695,2402)  (695,2372)  (935,1984)  (965,1984)  (1296,2164)  (1296,2194)  (694,2282)  (694,2252)  (1297,2349)  (1297,2379)  (1297,2409)  (1297,2439)  (1297,2469)  (1300,2499)  (1300,2529)  (1120,1979)  (1150,1979)  (1087,1968)  (667,2552)  (667,2522)  (667,2492)  (995,1956)  (1025,1956)  (1055,1956)  (1324,2098)  (1324,2128)  (666,2342)  (666,2312)  (1325,2224)  (1325,2254)  (1325,2284)  (1325,2314)  (665,2462)  (665,2432)  (665,2402)  (665,2372)  (953,1954)  (1326,2158)  (1326,2188)  (664,2282)  (1327,2344)  (1327,2374)  (1327,2404)  (1327,2434)  (1327,2464)  (1330,2494)  (1330,2524)  (1117,1949)  (1147,1949)  (1085,1938)  (637,2552)  (637,2522)  (637,2492)  (983,1926)  (1013,1926)  (1043,1926)  (1354,2093)  (1354,2123)  (636,2342)  (636,2312)  (1355,2218)  (1355,2248)  (1355,2278)  (1355,2308)  (635,2462)  (635,2432)  (635,2402)  (635,2372)  (1356,2153)  (1356,2183)  (1357,2338)  (1357,2368)  (1357,2398)  (1357,2428)  (1357,2458)  (1360,2488)  (1360,2518)  (1360,2548)  (607,2552)  (607,2522)  (607,2492)  (985,1896)  (1015,1896)  (1384,2088)  (1384,2118)  (606,2342)  (1385,2213)  (1385,2243)  (1385,2273)  (1385,2303)  (605,2462)  (605,2432)  (605,2402)  (605,2372)  (1386,2148)  (1386,2178)  (1387,2333)  (1387,2363)  (1387,2393)  (1387,2423)  (1387,2453)  (1390,2483)  (1390,2513)  (1390,2543)  (578,2264)  (577,2552)  (577,2522)  (577,2492)  (1414,2085)  (1414,2115)  (1415,2208)  (1415,2238)  (1415,2268)  (1415,2298)  (575,2462)  (575,2432)  (575,2402)  (575,2372)  (1416,2145)  (1416,2175)  (1417,2328)  (1417,2358)  (1417,2388)  (1417,2418)  (1417,2448)  (1420,2478)  (1420,2508)  (1420,2538)  (547,2552)  (547,2522)  (547,2492)  (1444,2082)  (1444,2112)  (1445,2205)  (1445,2235)  (1445,2265)  (1445,2295)  (545,2462)  (545,2432)  (545,2402)  (545,2372)  (1446,2142)  (1446,2172)  (1447,2325)  (1447,2355)  (1447,2385)  (1447,2415)  (1447,2445)  (1450,2475)  (1450,2505)  (1450,2535)  (534,2342)  (517,2552)  (517,2522)  (517,2492)  (1474,2078)  (1474,2108)  (1475,2236)  (1475,2266)  (515,2462)  (515,2432)  (515,2402)  (515,2372)  (1476,2138)  (1477,2296)  (1477,2326)  (1477,2356)  (1477,2386)  (1477,2416)  (1480,2446)  (1480,2476)  (1480,2506)  (1480,2536)  (487,2552)  (487,2522)  (487,2492)  (1504,2075)  (1504,2105)  (1505,2233)  (1505,2263)  (485,2462)  (485,2432)  (485,2402)  (485,2372)  (1507,2293)  (1507,2323)  (1507,2353)  (1507,2383)  (1507,2413)  (1510,2443)  (1510,2473)  (1510,2503)  (1510,2533)  (1525,2037)  (457,2552)  (457,2522)  (457,2492)  (1534,2067)  (1534,2097)  (1535,2223)  (1535,2253)  (455,2462)  (455,2432)  (455,2402)  (1537,2283)  (1537,2313)  (1537,2343)  (1537,2373)  (1537,2403)  (1540,2433)  (1540,2463)  (1540,2493)  (1540,2523)  (427,2552)  (427,2522)  (427,2492)  (1564,2043)  (1564,2073)  (1564,2103)  (1565,2214)  (1565,2244)  (425,2462)  (425,2432)  (425,2402)  (1567,2274)  (1567,2304)  (1567,2334)  (1567,2364)  (1567,2394)  (1570,2424)  (1570,2454)  (1570,2484)  (1570,2514)  (1570,2544)  (397,2552)  (397,2522)  (397,2492)  (1594,2046)  (1594,2076)  (1594,2106)  (1595,2205)  (1595,2235)  (395,2462)  (395,2432)  (1597,2265)  (1597,2295)  (1597,2325)  (1597,2355)  (1597,2385)  (1600,2415)  (1600,2445)  (1600,2475)  (1600,2505)  (1600,2535)  (367,2552)  (367,2522)  (367,2492)  (1624,2041)  (1624,2071)  (1624,2101)  (1625,2198)  (1625,2228)  (365,2462)  (365,2432)  (1627,2258)  (1627,2288)  (1627,2318)  (1627,2348)  (1627,2378)  (1630,2408)  (1630,2438)  (1630,2468)  (1630,2498)  (1630,2528)  (337,2552)  (337,2522)  (337,2492)  (1654,2064)  (1654,2094)  (1655,2194)  (1655,2224)  (335,2462)  (1657,2254)  (1657,2284)  (1657,2314)  (1657,2344)  (1657,2374)  (1660,2404)  (1660,2434)  (1660,2464)  (1660,2494)  (1660,2524)  (307,2552)  (307,2522)  (307,2492)  (1684,2070)  (1685,2190)  (1685,2220)  (1687,2250)  (1687,2280)  (1687,2310)  (1687,2340)  (1687,2370)  (1690,2400)  (1690,2430)  (1690,2460)  (1690,2490)  (1690,2520)  (1690,2550)  (277,2552)  (277,2522)  (277,2492)  (1715,2180)  (1715,2210)  (1717,2240)  (1717,2270)  (1717,2300)  (1717,2330)  (1717,2360)  (1720,2390)  (1720,2420)  (1720,2450)  (1720,2480)  (1720,2510)  (1720,2540)  (247,2552)  (247,2522)  (247,2492)  (1745,2169)  (1745,2199)  (1747,2229)  (1747,2259)  (1747,2289)  (1747,2319)  (1747,2349)  (1750,2379)  (1750,2409)  (1750,2439)  (1750,2469)  (1750,2499)  (1750,2529)  (217,2552)  (217,2522)  (1775,2158)  (1775,2188)  (1777,2218)  (1777,2248)  (1777,2278)  (1777,2308)  (1777,2338)  (1780,2368)  (1780,2398)  (1780,2428)  (1780,2458)  (1780,2488)  (1780,2518)  (1780,2548)  (187,2552)  (1805,2147)  (1805,2177)  (1807,2207)  (1807,2237)  (1807,2267)  (1807,2297)  (1807,2327)  (1810,2357)  (1810,2387)  (1810,2417)  (1810,2447)  (1810,2477)  (1810,2507)  (1810,2537)  (157,2552)  (1835,2133)  (1835,2163)  (1837,2193)  (1837,2223)  (1837,2253)  (1837,2283)  (1837,2313)  (1840,2343)  (1840,2373)  (1840,2403)  (1840,2433)  (1840,2463)  (1840,2493)  (1840,2523)  (127,2552)  (1865,2121)  (1865,2151)  (1867,2181)  (1867,2211)  (1867,2241)  (1867,2271)  (1867,2301)  (1870,2331)  (1870,2361)  (1870,2391)  (1870,2421)  (1870,2451)  (1870,2481)  (1870,2511)  (1870,2541)  (1895,2105)  (1895,2135)  (1897,2165)  (1897,2195)  (1897,2225)  (1897,2255)  (1897,2285)  (1900,2315)  (1900,2345)  (1900,2375)  (1900,2405)  (1900,2435)  (1900,2465)  (1900,2495)  (1900,2525)  (1925,2088)  (1925,2118)  (1927,2148)  (1927,2178)  (1927,2208)  (1927,2238)  (1927,2268)  (1930,2298)  (1930,2328)  (1930,2358)  (1930,2388)  (1930,2418)  (1930,2448)  (1930,2478)  (1930,2508)  (1930,2538)  (49,2390)  (1955,2074)  (1955,2104)  (1957,2134)  (1957,2164)  (1957,2194)  (1957,2224)  (1957,2254)  (1960,2284)  (1960,2314)  (1960,2344)  (1960,2374)  (1960,2404)  (1960,2434)  (1960,2464)  (1960,2494)  (1960,2524)  (19,2411)  (14,2552)  (1985,2062)  (1985,2092)  (1987,2122)  (1987,2152)  (1987,2182)  (1987,2212)  (1987,2242)  (2,2444)  (1990,2272)  (1990,2302)  (1990,2332)  (1990,2362)  (1990,2392)  (1990,2422)  (1990,2452)  (1990,2482)  (1990,2512)  (1990,2542)  (2015,2051)  (2015,2081)  (2017,2111)  (2017,2141)  (2017,2171)  (2017,2201)  (2017,2231)  (2020,2261)  (2020,2291)  (2020,2321)  (2020,2351)  (2020,2381)  (2020,2411)  (2020,2441)  (2020,2471)  (2020,2501)  (2020,2531)  (2045,2040)  (2045,2070)  (2047,2100)  (2047,2130)  (2047,2160)  (2047,2190)  (2047,2220)  (2050,2250)  (2050,2280)  (2050,2310)  (2050,2340)  (2050,2370)  (2050,2400)  (2050,2430)  (2050,2460)  (2050,2490)  (2050,2520)  (2050,2550)  (2075,2029)  (2075,2059)  (2077,2089)  (2077,2119)  (2077,2149)  (2077,2179)  (2077,2209)  (2080,2239)  (2080,2269)  (2080,2299)  (2080,2329)  (2080,2359)  (2080,2389)  (2080,2419)  (2080,2449)  (2080,2479)  (2080,2509)  (2080,2539)  (2105,2020)  (2105,2050)  (2107,2080)  (2107,2110)  (2107,2140)  (2107,2170)  (2107,2200)  (2110,2230)  (2110,2260)  (2110,2290)  (2110,2320)  (2110,2350)  (2110,2380)  (2110,2410)  (2110,2440)  (2110,2470)  (2110,2500)  (2110,2530)  (2135,2013)  (2135,2043)  (2137,2073)  (2137,2103)  (2137,2133)  (2137,2163)  (2137,2193)  (2140,2223)  (2140,2253)  (2140,2283)  (2140,2313)  (2140,2343)  (2140,2373)  (2140,2403)  (2140,2433)  (2140,2463)  (2140,2493)  (2140,2523)  (2165,2006)  (2165,2036)  (2167,2066)  (2167,2096)  (2167,2126)  (2167,2156)  (2167,2186)  (2170,2216)  (2170,2246)  (2170,2276)  (2170,2306)  (2170,2336)  (2170,2366)  (2170,2396)  (2170,2426)  (2170,2456)  (2170,2486)  (2170,2516)  (2170,2546)  (2195,1997)  (2195,2027)  (2197,2057)  (2197,2087)  (2197,2117)  (2197,2147)  (2197,2177)  (2200,2207)  (2200,2237)  (2200,2267)  (2200,2297)  (2200,2327)  (2200,2357)  (2200,2387)  (2200,2417)  (2200,2447)  (2200,2477)  (2200,2507)  (2200,2537)  (2225,1989)  (2225,2019)  (2227,2049)  (2227,2079)  (2227,2109)  (2227,2139)  (2227,2169)  (2230,2199)  (2230,2229)  (2230,2259)  (2230,2289)  (2230,2319)  (2230,2349)  (2230,2379)  (2230,2409)  (2230,2439)  (2230,2469)  (2230,2499)  (2230,2529)  (2255,1984)  (2255,2014)  (2257,2044)  (2257,2074)  (2257,2104)  (2257,2134)  (2257,2164)  (2260,2194)  (2260,2224)  (2260,2254)  (2260,2284)  (2260,2314)  (2260,2344)  (2260,2374)  (2260,2404)  (2260,2434)  (2260,2464)  (2260,2494)  (2260,2524)  (2285,1984)  (2285,2014)  (2287,2044)  (2287,2074)  (2287,2104)  (2287,2134)  (2287,2164)  (2290,2194)  (2290,2224)  (2290,2254)  (2290,2284)  (2290,2314)  (2290,2344)  (2290,2374)  (2290,2404)  (2290,2434)  (2290,2464)  (2290,2494)  (2290,2524)  (2315,1983)  (2317,2038)  (2317,2068)  (2317,2098)  (2317,2128)  (2317,2158)  (2320,2188)  (2320,2218)  (2320,2248)  (2320,2278)  (2320,2308)  (2320,2338)  (2320,2368)  (2320,2398)  (2320,2428)  (2320,2458)  (2320,2488)  (2320,2518)  (2320,2548)  (2347,2038)  (2347,2068)  (2347,2098)  (2347,2128)  (2347,2158)  (2350,2188)  (2350,2218)  (2350,2248)  (2350,2278)  (2350,2308)  (2350,2338)  (2350,2368)  (2350,2398)  (2350,2428)  (2350,2458)  (2350,2488)  (2350,2518)  (2350,2548)  (2377,2030)  (2377,2060)  (2377,2090)  (2377,2120)  (2377,2150)  (2380,2180)  (2380,2210)  (2380,2240)  (2380,2270)  (2380,2300)  (2380,2330)  (2380,2360)  (2380,2390)  (2380,2420)  (2380,2450)  (2380,2480)  (2380,2510)  (2380,2540)  (2407,2028)  (2407,2058)  (2407,2088)  (2407,2118)  (2407,2148)  (2410,2178)  (2410,2208)  (2410,2238)  (2410,2268)  (2410,2298)  (2410,2328)  (2410,2358)  (2410,2388)  (2410,2418)  (2410,2448)  (2410,2478)  (2410,2508)  (2410,2538)  (2437,2030)  (2437,2060)  (2437,2090)  (2437,2120)  (2440,2150)  (2440,2180)  (2440,2210)  (2440,2240)  (2440,2270)  (2440,2300)  (2440,2330)  (2440,2360)  (2440,2390)  (2440,2420)  (2440,2450)  (2440,2480)  (2440,2510)  (2440,2540)  (2467,2031)  (2467,2061)  (2467,2091)  (2470,2121)  (2470,2151)  (2470,2181)  (2470,2211)  (2470,2241)  (2470,2271)  (2470,2301)  (2470,2331)  (2470,2361)  (2470,2391)  (2470,2421)  (2470,2451)  (2470,2481)  (2470,2511)  (2470,2541)  (2497,2035)  (2497,2065)  (2500,2095)  (2500,2125)  (2500,2155)  (2500,2185)  (2500,2215)  (2500,2245)  (2500,2275)  (2500,2305)  (2500,2335)  (2500,2365)  (2500,2395)  (2500,2425)  (2500,2455)  (2500,2485)  (2500,2515)  (2500,2545)  (2527,2037)  (2530,2067)  (2530,2097)  (2530,2127)  (2530,2157)  (2530,2187)  (2530,2217)  (2530,2247)  (2530,2277)  (2530,2307)  (2530,2337)  (2530,2367)  (2530,2397)  (2530,2427)  (2530,2457)  (2530,2487)  (2530,2517)  (2530,2547)  (2560,2042)  (2560,2072)  (2560,2102)  (2560,2132)  (2560,2162)  (2560,2192)  (2560,2222)  (2560,2252)  (2560,2282)  (2560,2312)  (2560,2342)  (2560,2372)  (2560,2402)  (2560,2432)  (2560,2462)  (2560,2492)  (2560,2522)  (2560,2552)  (2590,2042)  (2590,2072)  (2590,2102)  (2590,2132)  (2590,2162)  (2590,2192)  (2590,2222)  (2590,2252)  (2590,2282)  (2590,2312)  (2590,2342)  (2590,2372)  (2590,2402)  (2590,2432)  (2590,2462)  (2590,2492)  (2590,2522)  (2590,2552)  (2620,2041)  (2620,2071)  (2620,2101)  (2620,2131)  (2620,2161)  (2620,2191)  (2620,2221)  (2620,2251)  (2620,2281)  (2620,2311)  (2620,2341)  (2620,2371)  (2620,2401)  (2620,2431)  (2620,2461)  (2620,2491)  (2620,2521)  (2620,2551)
Sea Zone 15 Overpeck Creek  (1117,340)
Hackensack  (828,103)  (857,133)  (827,133)  (803,73)  (833,73)  (858,103)  (863,68)  (887,133)  (887,163)  (857,163)  (827,163)  (810,43)  (888,98)  (840,38)  (870,38)  (893,68)  (900,31)  (917,128)  (917,158)  (917,188)  (887,193)  (857,193)  (827,193)  (797,193)  (918,98)  (834,8)  (864,8)  (923,61)  (894,1)  (924,1)  (930,31)  (937,218)  (947,147)  (907,223)  (877,223)  (953,61)  (954,0)  (960,30)  (948,248)  (918,253)  (984,0)  (949,278)  (958,308)
Bedford Stuyvesant  (1410,1379)  (1439,1409)  (1409,1409)  (1391,1349)  (1421,1349)  (1440,1379)  (1451,1338)  (1469,1409)  (1470,1368)  (1499,1398)  (1500,1357)  (1518,1428)  (1529,1387)  (1548,1417)
Sea Zone 5 Upper Bay  (613,1648)  (643,1623)  (768,1537)  (770,1605)  (782,1567)  (800,1597)  (812,1559)  (830,1589)  (834,1449)  (845,1415)  (846,1559)  (852,1372)  (855,1529)  (860,1589)  (864,1445)  (868,1475)  (875,1402)  (876,1559)  (877,1619)  (885,1505)  (889,1649)  (889,1679)  (890,1589)  (890,1709)  (893,1739)  (894,1432)  (898,1462)  (905,1374)  (906,1535)  (907,1619)  (909,1769)  (915,1492)  (919,1649)  (919,1679)  (920,1565)  (920,1709)  (920,1799)  (923,1739)  (924,1404)  (928,1434)  (932,1344)  (932,1829)  (935,1374)  (936,1522)  (937,1595)  (939,1769)  (945,1464)  (949,1625)  (949,1655)  (950,1552)  (950,1685)  (950,1799)  (953,1715)  (954,1314)  (954,1404)  (958,1434)  (962,1344)  (962,1829)  (966,1494)  (967,1582)  (969,1745)  (975,1283)  (975,1464)  (979,1612)  (979,1642)  (980,1524)  (980,1672)  (980,1783)  (983,1702)  (984,1397)  (988,1427)  (992,1341)  (996,1494)  (997,1554)  (1005,1270)  (1005,1457)  (1009,1584)  (1009,1614)  (1010,1524)  (1014,1371)  (1018,1237)  (1018,1401)  (1022,1332)  (1026,1300)  (1026,1487)  (1027,1554)  (1034,1198)  (1035,1267)  (1035,1431)  (1039,1584)  (1040,1159)  (1040,1517)  (1044,1362)  (1048,1228)  (1048,1392)  (1052,1330)  (1056,1297)  (1056,1461)  (1057,1547)  (1064,1189)  (1065,1258)  (1065,1422)  (1070,1147)  (1070,1491)  (1078,1219)  (1082,1327)  (1086,1295)  (1087,1521)  (1094,1177)  (1146,1321)
Woodlawn-EastChester  (1788,155)  (1758,135)  (1817,185)  (1787,185)  (1788,125)  (1818,125)  (1818,155)  (1847,185)  (1847,215)  (1817,215)  (1848,103)  (1848,133)  (1863,73)  (1877,163)  (1877,193)  (1877,223)  (1838,245)  (1808,245)  (1878,103)  (1878,133)  (1907,163)  (1907,193)  (1907,223)  (1908,123)  (1910,253)  (1937,153)  (1937,183)  (1937,213)  (1967,161)
Queens  (2014,874)  (1984,903)  (1984,873)  (2043,904)  (2014,844)  (2044,844)  (2044,874)  (1982,843)  (2013,933)  (1983,933)  (1954,903)  (1954,873)  (2073,904)  (2073,934)  (2043,934)  (1953,934)  (2012,814)  (2042,814)  (2072,814)  (2074,844)  (2074,874)  (1952,843)  (1952,813)  (1982,813)  (2102,786)  (2013,963)  (1983,963)  (1924,888)  (2103,904)  (2103,934)  (2103,964)  (2073,964)  (2043,964)  (2012,784)  (2042,784)  (2072,784)  (2104,816)  (2104,846)  (1922,858)  (1922,828)  (1922,798)  (1976,783)  (1907,768)  (2102,756)  (2132,772)  (2013,993)  (1983,993)  (2133,876)  (2124,994)  (2094,994)  (2064,994)  (2006,754)  (2036,754)  (2066,754)  (2134,802)  (2134,832)  (2034,1023)  (2004,1023)  (1974,1023)  (2124,1024)  (2094,1024)  (2064,1024)  (2023,724)  (2164,774)  (2164,804)  (2034,1053)  (2112,1054)  (2082,1054)  (2194,774)  (2194,804)
Forest Hills  (1836,1167)  (1865,1197)  (1808,1137)  (1838,1137)  (1866,1167)  (1868,1135)  (1895,1197)  (1895,1227)  (1865,1227)  (1896,1165)  (1858,1105)  (1888,1105)  (1898,1135)  (1925,1195)  (1925,1225)
East New York  (1700,1491)  (1670,1520)  (1670,1490)  (1729,1521)  (1700,1461)  (1730,1461)  (1730,1491)  (1668,1460)  (1699,1550)  (1759,1521)  (1759,1551)  (1729,1551)  (1698,1431)  (1728,1431)  (1758,1431)  (1760,1461)  (1760,1491)  (1788,1404)  (1789,1521)  (1789,1551)  (1789,1581)  (1759,1581)  (1729,1581)  (1737,1401)  (1790,1434)  (1790,1464)  (1767,1374)  (1819,1494)  (1819,1524)  (1765,1611)
Cedarhurst  (2385,1810)  (2355,1818)  (2355,1788)  (2414,1840)  (2385,1780)  (2415,1780)  (2415,1810)  (2325,1797)  (2444,1840)  (2427,1870)  (2402,1750)  (2445,1750)  (2445,1780)  (2445,1810)  (2474,1840)  (2475,1763)  (2475,1793)  (2478,1903)  (2490,1870)  (2504,1823)  (2505,1793)  (2502,1933)  (2472,1933)  (2508,1900)  (2520,1853)  (2532,1940)  (2534,1823)  (2562,1930)  (2592,1940)  (2622,1930)
Claremont Village  (1631,487)  (1639,517)  (1644,457)  (1661,487)  (1609,539)  (1691,474)  (1691,504)
Fort Tilden-Roxbury-Jacob Riis Park  (1676,2145)  (1646,2153)  (1738,2124)
Englewood Cliffs  (1337,93)  (1307,122)  (1366,123)  (1322,63)  (1352,63)  (1367,93)  (1382,48)  (1336,152)  (1396,123)  (1396,153)  (1366,153)  (1332,33)  (1397,78)  (1362,18)  (1392,18)  (1412,48)  (1422,8)  (1336,182)  (1384,183)  (1306,187)  (1354,212)  (1324,217)  (1294,221)  (1366,242)  (1336,247)
North Staten Island  (550,1760)  (520,1789)  (520,1759)  (579,1790)  (550,1730)  (580,1730)  (580,1760)  (518,1729)  (549,1819)  (519,1819)  (490,1789)  (490,1759)  (609,1790)  (609,1820)  (579,1820)  (548,1700)  (578,1700)  (608,1700)  (610,1730)  (610,1760)  (488,1729)  (517,1699)  (638,1686)  (549,1849)  (460,1791)  (460,1761)  (639,1790)  (639,1820)  (459,1699)  (640,1716)  (640,1746)  (458,1731)  (668,1668)  (430,1773)  (669,1776)  (669,1806)  (429,1701)  (670,1698)  (670,1728)  (428,1743)  (697,1836)  (698,1655)  (699,1758)  (699,1788)  (399,1713)  (399,1683)  (700,1685)  (700,1715)  (398,1762)  (727,1818)  (729,1745)  (729,1775)  (369,1732)  (369,1702)  (369,1672)  (730,1657)  (730,1687)  (757,1805)  (757,1835)  (759,1717)  (759,1747)  (339,1712)  (760,1654)  (760,1684)  (787,1777)  (787,1807)  (787,1837)  (789,1714)  (789,1744)  (790,1644)  (790,1674)  (817,1774)  (817,1804)  (817,1834)  (819,1704)  (819,1734)  (820,1636)  (820,1666)  (847,1764)  (847,1794)  (847,1824)  (847,1854)  (849,1696)  (849,1726)  (850,1664)  (877,1814)  (877,1844)
New Rochelle  (2061,102)  (2031,131)  (2090,132)  (2050,72)  (2080,72)  (2091,102)  (2110,53)  (2120,132)  (2062,42)  (2121,83)  (2126,162)  (2092,23)  (2122,23)  (2140,53)  (2150,113)  (2151,83)  (2152,11)  (2170,41)  (2180,113)  (2181,71)  (2182,0)  (2200,30)  (2211,60)  (2212,0)
Wards Island  (1536,747)  (1528,777)  (1542,717)
Elizabeth  (87,1399)  (57,1428)  (57,1398)  (116,1429)  (87,1369)  (117,1369)  (117,1399)  (55,1368)  (86,1458)  (56,1458)  (27,1428)  (27,1398)  (146,1429)  (125,1459)  (26,1459)  (85,1339)  (115,1339)  (145,1339)  (147,1369)  (147,1399)  (25,1368)  (25,1338)  (55,1338)  (174,1459)  (175,1311)  (95,1488)  (65,1488)  (176,1429)  (135,1489)  (35,1489)  (85,1309)  (115,1309)  (145,1309)  (177,1341)  (177,1371)  (177,1489)  (0,1308)  (30,1308)  (204,1459)  (175,1281)  (205,1293)  (105,1518)  (75,1518)  (206,1401)  (139,1519)  (60,1279)  (90,1279)  (120,1279)  (207,1323)  (207,1353)  (207,1489)  (0,1278)  (30,1278)  (208,1519)  (234,1431)  (109,1548)  (236,1383)  (236,1549)  (147,1549)  (60,1249)  (90,1249)  (237,1307)  (237,1337)  (237,1461)  (0,1248)  (30,1248)  (238,1491)  (178,1555)  (264,1413)  (266,1367)  (266,1521)  (266,1551)  (236,1579)  (148,1579)  (267,1320)  (267,1443)  (268,1473)  (268,1581)  (182,1585)  (296,1503)  (296,1533)  (298,1466)  (298,1563)  (298,1593)  (268,1611)  (182,1615)  (326,1496)  (326,1526)  (328,1556)  (328,1586)  (355,1466)  (358,1550)  (358,1580)  (373,1436)  (373,1496)  (385,1466)  (391,1405)  (403,1435)  (403,1496)  (415,1465)  (433,1422)  (445,1452)  (445,1482)  (475,1455)
Wingate  (1402,1513)  (1431,1543)  (1401,1543)  (1432,1506)  (1461,1536)  (1491,1510)  (1491,1540)
Long Island City-Sunnyside  (1502,1058)  (1472,1072)  (1472,1042)  (1531,1088)  (1502,1028)  (1532,1028)  (1532,1058)  (1501,1102)  (1449,1012)  (1442,1058)  (1561,1088)  (1561,1118)  (1531,1118)  (1562,1018)  (1562,1048)  (1419,1028)  (1591,1078)  (1591,1108)  (1591,1138)  (1592,1012)  (1592,1042)  (1389,1051)  (1621,1072)  (1621,1102)  (1622,1009)  (1622,1039)  (1651,1069)  (1652,1013)  (1681,1076)
Howard Beach  (1891,1457)  (1861,1461)  (1920,1487)  (1921,1429)  (1890,1491)  (1950,1459)  (1950,1489)  (1920,1517)  (1951,1419)  (1890,1521)  (1980,1449)  (1980,1479)  (1981,1408)  (1915,1551)  (1885,1551)  (2002,1509)  (2010,1438)  (2010,1468)  (2011,1396)  (1920,1581)  (1890,1581)  (2032,1498)  (2040,1426)  (2040,1456)  (2041,1384)  (1925,1611)  (2062,1486)  (2070,1414)  (2070,1444)  (2092,1474)
Paterson  (442,96)  (412,125)  (412,95)  (471,126)  (442,66)  (472,66)  (472,96)  (410,65)  (441,155)  (411,155)  (382,125)  (382,95)  (501,126)  (501,156)  (471,156)  (381,156)  (440,36)  (470,36)  (500,36)  (502,66)  (502,96)  (380,65)  (380,35)  (410,35)  (530,8)  (441,185)  (411,185)  (352,126)  (531,143)  (531,173)  (501,186)  (471,186)  (381,186)  (440,6)  (470,6)  (500,6)  (532,73)  (353,5)  (383,5)  (441,215)  (411,215)  (493,216)
Soundview-Castle Hill  (1782,529)  (1752,558)  (1752,528)  (1811,559)  (1782,499)  (1812,499)  (1812,529)  (1750,498)  (1841,559)  (1835,589)  (1805,589)  (1807,469)  (1837,469)  (1842,499)  (1842,529)  (1871,559)  (1872,506)  (1872,589)  (1856,630)
Lyndhurst  (633,697)  (603,694)  (662,727)  (633,667)  (663,667)  (663,697)  (599,664)  (692,727)  (692,757)  (662,757)  (629,637)  (693,677)  (569,687)  (569,657)  (599,634)  (562,627)  (722,756)  (722,786)
Sunset Park  (1133,1606)  (1103,1635)  (1162,1636)  (1120,1576)  (1150,1576)  (1163,1606)  (1180,1559)  (1132,1665)  (1193,1589)  (1210,1539)  (1223,1569)  (1223,1599)  (1240,1539)  (1253,1569)  (1253,1599)  (1283,1565)  (1283,1595)
Belmont  (1685,393)  (1714,423)  (1688,363)  (1718,358)
Midtown  (1259,985)  (1289,956)  (1252,1015)  (1277,926)  (1246,1045)
Teterboro Airport  (865,342)  (881,312)  (871,372)  (841,388)
North Arlington  (536,770)  (565,800)  (540,740)  (566,770)  (570,736)  (578,830)  (600,731)  (608,842)  (621,872)  (591,872)  (614,902)
Valley Stream  (2487,1479)  (2516,1509)  (2486,1509)  (2475,1449)  (2505,1449)  (2517,1479)  (2535,1431)  (2546,1509)  (2546,1539)  (2516,1539)  (2486,1539)  (2475,1419)  (2505,1419)  (2547,1461)  (2535,1401)  (2565,1401)  (2565,1431)  (2576,1491)  (2576,1521)  (2576,1551)  (2546,1569)  (2516,1569)  (2486,1569)  (2475,1389)  (2505,1389)  (2577,1461)  (2588,1581)  (2595,1385)  (2595,1415)  (2606,1491)  (2606,1521)  (2606,1551)  (2607,1445)  (2618,1581)
Glen Ridge-Bloomfield  (232,727)  (202,756)  (261,757)  (217,697)  (247,697)  (262,727)  (277,682)  (231,786)  (201,786)  (291,757)  (291,787)  (261,787)  (233,667)  (292,712)  (263,652)  (293,645)  (231,816)  (201,816)  (284,817)  (255,622)  (285,615)  (315,612)  (254,846)  (271,585)  (301,582)  (331,582)  (272,876)  (288,552)  (318,552)  (348,552)  (301,522)  (331,522)
Breezy Point  (1535,2168)  (1565,2160)  (1595,2161)
Elmont  (2499,1272)  (2528,1302)  (2498,1302)  (2472,1242)  (2502,1242)  (2529,1272)  (2532,1239)  (2558,1302)  (2558,1332)  (2528,1332)  (2498,1332)  (2468,1212)  (2498,1212)  (2559,1269)  (2528,1209)  (2558,1209)  (2562,1239)  (2588,1183)  (2588,1299)  (2588,1329)  (2461,1182)  (2491,1182)  (2589,1269)  (2521,1179)  (2551,1179)  (2592,1213)  (2581,1153)  (2611,1153)  (2618,1183)  (2618,1299)  (2618,1329)  (2619,1243)  (2622,1213)
Sea Zone 10 Broswere Bay  (2575,1880)  (2584,1850)
Rutherford  (623,574)  (619,544)  (649,544)  (653,574)  (660,604)  (679,518)  (620,514)  (683,548)  (690,578)  (690,608)  (650,488)  (680,488)  (709,518)  (614,484)  (713,548)  (715,638)  (720,578)  (720,608)  (733,668)  (739,514)  (620,454)  (743,544)  (745,638)  (746,698)  (750,574)  (750,604)  (763,668)  (773,533)  (775,634)  (776,698)  (764,728)  (780,563)  (780,593)  (793,664)  (806,694)
Hoboken  (971,1046)  (1000,1076)  (982,1016)  (1001,1046)  (1012,1005)
Fairview  (1093,613)  (1111,583)  (1103,643)
Orange  (54,928)  (24,957)  (24,927)  (83,958)  (54,898)  (84,898)  (84,928)  (22,897)  (53,987)  (23,987)  (113,958)  (113,988)  (83,988)  (52,868)  (82,868)  (112,868)  (114,898)  (114,928)  (0,867)  (142,840)  (51,1017)  (21,1017)  (143,958)  (143,988)  (131,1018)  (30,838)  (60,838)  (90,838)  (144,870)  (144,900)  (0,837)  (34,1047)  (4,1047)  (173,930)  (173,960)  (173,990)  (30,808)  (60,808)  (90,808)  (174,848)  (174,878)  (0,807)  (203,908)  (203,938)  (203,968)  (203,998)  (30,778)  (60,778)  (204,863)  (0,777)  (233,903)  (233,933)  (30,748)  (0,747)  (30,718)  (0,717)  (30,688)  (0,687)  (60,671)  (30,658)  (0,657)
Hasbrouck Heights  (756,309)  (785,339)  (755,339)  (764,279)  (786,309)  (725,347)  (794,271)  (815,339)  (806,369)  (776,369)  (816,301)  (746,377)  (792,241)  (824,254)  (780,399)  (846,284)
Longwood  (1663,604)  (1692,634)  (1662,634)  (1662,574)  (1692,574)  (1693,604)  (1722,634)  (1752,626)  (1752,656)
Sea Zone 17 Jamaica Bay  (1820,1718)  (1790,1747)  (1849,1748)  (1819,1688)  (1849,1688)  (1850,1718)  (1819,1777)  (1789,1777)  (1760,1747)  (1879,1661)  (1879,1748)  (1879,1778)  (1849,1778)  (1759,1778)  (1880,1691)  (1819,1807)  (1789,1807)  (1909,1661)  (1909,1721)  (1909,1751)  (1909,1781)  (1879,1808)  (1849,1808)  (1759,1808)  (1729,1808)  (1729,1778)  (1910,1691)  (1912,1811)  (1819,1837)  (1789,1837)  (1939,1721)  (1882,1838)  (1852,1838)  (1759,1838)  (1940,1679)  (1942,1836)  (1912,1841)  (1967,1866)  (1822,1867)  (1792,1867)  (1882,1868)  (1852,1868)  (1762,1868)  (1972,1638)  (1937,1871)  (1981,1896)  (1822,1897)  (1792,1897)  (1907,1898)  (1877,1898)  (1762,1898)  (2002,1640)  (1951,1901)  (1847,1927)  (1817,1927)  (1921,1928)  (1891,1928)  (1787,1928)  (2030,1670)  (2045,1944)  (1861,1957)  (1831,1957)  (2059,1700)  (1945,1958)  (1915,1958)  (1801,1958)  (2060,1669)  (1986,1961)  (2071,1828)  (2079,1730)  (2082,1760)  (2085,1790)  (2088,1894)  (1885,1987)  (1855,1987)  (2089,1699)  (1956,1988)  (1926,1988)  (1825,1988)  (1795,1988)  (2101,1820)  (2101,1850)  (2109,1729)  (2112,1759)  (2115,1789)  (2118,1880)  (1840,2018)  (1810,2018)  (2131,1819)  (2131,1849)  (2139,1714)  (2142,1744)  (2145,1774)  (1780,2045)  (2148,1879)  (1750,2055)  (2161,1804)  (2161,1834)  (2172,1738)  (2175,1768)  (2191,1798)  (2191,1828)  (2205,1758)  (2286,1768)  (2316,1743)
Governors Island  (1087,1371)
Borough Park  (1206,1695)  (1176,1701)  (1235,1725)  (1202,1665)  (1232,1665)  (1236,1695)  (1262,1658)  (1265,1725)  (1265,1755)  (1266,1688)  (1292,1643)  (1295,1763)  (1296,1673)  (1303,1793)  (1325,1761)  (1333,1791)  (1333,1821)
Greenwich  (1181,1115)  (1208,1145)  (1178,1145)  (1159,1085)  (1211,1102)
Garfield  (621,93)  (591,122)  (591,92)  (650,123)  (621,63)  (651,63)  (651,93)  (589,62)  (620,152)  (590,152)  (650,153)  (619,33)  (649,33)  (573,32)  (620,182)  (590,182)  (603,3)  (633,3)  (641,212)
Pelham Bay  (2000,365)
University Heights  (1555,399)  (1571,369)  (1585,399)  (1601,364)  (1615,394)  (1631,357)
Mt. Vernon  (1897,18)  (1927,0)  (1927,30)  (1938,60)  (1957,0)  (1957,30)  (1968,60)  (1968,90)  (1987,0)  (1987,30)  (1998,60)  (1998,90)  (1988,120)  (2017,0)  (2017,30)
South Staten Island  (178,2276)  (148,2305)  (148,2275)  (207,2306)  (178,2246)  (208,2246)  (208,2276)  (146,2245)  (177,2335)  (147,2335)  (118,2305)  (118,2275)  (237,2306)  (237,2336)  (207,2336)  (117,2336)  (176,2216)  (206,2216)  (236,2216)  (238,2246)  (238,2276)  (116,2245)  (130,2215)  (266,2188)  (177,2365)  (147,2365)  (88,2305)  (88,2275)  (267,2306)  (267,2336)  (267,2366)  (237,2366)  (207,2366)  (117,2366)  (87,2366)  (224,2186)  (268,2218)  (268,2248)  (254,2158)  (284,2158)  (296,2188)  (177,2395)  (147,2395)  (297,2278)  (297,2308)  (297,2338)  (297,2368)  (267,2396)  (237,2396)  (207,2396)  (117,2396)  (298,2218)  (298,2248)  (299,2398)  (314,2140)  (238,2128)  (268,2128)  (326,2170)  (177,2425)  (147,2425)  (327,2278)  (327,2308)  (327,2338)  (327,2368)  (253,2426)  (223,2426)  (117,2426)  (87,2426)  (328,2200)  (328,2230)  (291,2428)  (57,2440)  (298,2110)  (328,2110)  (344,2140)  (356,2170)  (193,2455)  (163,2455)  (357,2260)  (357,2290)  (357,2320)  (357,2350)  (357,2380)  (133,2456)  (103,2456)  (358,2200)  (358,2230)  (73,2470)  (43,2470)  (291,2080)  (386,2164)  (171,2485)  (387,2260)  (387,2290)  (387,2320)  (387,2350)  (141,2486)  (111,2486)  (388,2194)  (388,2224)  (81,2500)  (51,2500)  (417,2254)  (417,2284)  (417,2314)  (417,2344)  (418,2169)  (418,2199)  (447,2229)  (447,2259)  (447,2289)  (447,2319)  (448,2142)  (448,2172)  (477,2202)  (477,2232)  (477,2262)  (477,2292)  (478,2121)  (478,2151)  (507,2181)  (507,2211)  (507,2241)  (507,2271)  (508,2112)  (508,2142)  (537,2172)  (537,2202)  (538,2114)  (567,2144)  (567,2174)  (568,2095)  (597,2125)  (597,2155)  (598,2089)  (627,2138)  (634,2168)  (664,2156)  (664,2186)
Jamaica  (2177,1344)  (2147,1373)  (2147,1343)  (2206,1374)  (2177,1314)  (2207,1314)  (2207,1344)  (2145,1313)  (2176,1403)  (2146,1403)  (2117,1373)  (2117,1343)  (2236,1374)  (2236,1404)  (2206,1404)  (2116,1404)  (2175,1284)  (2205,1284)  (2235,1284)  (2237,1314)  (2237,1344)  (2115,1313)  (2115,1283)  (2145,1283)  (2265,1256)  (2176,1433)  (2146,1433)  (2087,1348)  (2266,1374)  (2266,1404)  (2266,1434)  (2236,1434)  (2206,1434)  (2175,1254)  (2205,1254)  (2235,1254)  (2267,1286)  (2267,1316)  (2085,1318)  (2085,1288)  (2265,1226)  (2295,1226)  (2295,1256)  (2176,1463)  (2146,1463)  (2296,1346)  (2296,1376)  (2296,1406)  (2296,1436)  (2266,1464)  (2236,1464)  (2206,1464)  (2297,1286)  (2297,1316)  (2298,1466)  (2161,1493)  (2131,1493)  (2326,1346)  (2326,1376)  (2327,1275)  (2327,1305)
Pelham Bay Park  (2036,214)  (2047,244)  (2050,184)  (2066,214)  (2096,196)  (2096,226)  (2059,290)  (2121,300)  (2117,330)
Lodi  (699,142)  (728,172)  (698,172)  (688,112)  (718,112)  (729,142)  (748,93)  (758,172)  (758,202)  (728,202)  (698,202)  (689,82)  (759,123)  (719,63)  (749,63)  (728,232)  (698,232)  (689,52)  (719,33)  (749,33)  (727,262)  (697,262)  (688,22)  (779,15)  (718,3)  (748,3)  (710,292)  (680,305)
Ellis Island  (1004,1311)
Harrison-East Newark  (438,1060)  (420,1030)  (450,1030)  (468,1060)
Sea Zone 3 Lower Hudson  (1074,1013)  (1103,1043)  (1073,1043)  (1067,983)  (1097,983)  (1104,1013)  (1127,960)  (1112,1073)  (1082,1073)  (1075,953)  (1105,930)  (1135,930)  (1107,1103)  (1077,1103)
Red Hook  (1183,1441)  (1153,1465)  (1153,1435)  (1183,1411)  (1213,1411)  (1213,1441)  (1218,1471)  (1123,1444)  (1193,1381)  (1243,1423)  (1248,1453)  (1248,1483)  (1278,1436)  (1278,1466)  (1278,1496)  (1308,1465)
Edgewater  (1221,574)  (1233,544)  (1252,514)  (1163,683)  (1282,433)  (1294,403)
Woodhaven-Richmond Hill  (1823,1357)  (1852,1387)  (1853,1343)  (1882,1373)  (1882,1403)  (1883,1337)  (1912,1367)  (1913,1329)  (1942,1359)  (1943,1311)  (1959,1274)  (1972,1341)  (1973,1304)  (1975,1244)  (1989,1274)  (2002,1334)  (2003,1304)  (2032,1334)
Sea Zone 16 Harlem River  (1589,296)
Georgetown-Canarsie  (1491,1755)  (1461,1784)  (1461,1754)  (1520,1785)  (1509,1725)  (1521,1755)  (1539,1707)  (1490,1814)  (1550,1785)  (1550,1815)  (1520,1815)  (1551,1737)  (1569,1677)  (1569,1707)  (1490,1844)  (1580,1767)  (1580,1797)  (1580,1827)  (1550,1845)  (1520,1845)  (1581,1737)  (1592,1857)  (1599,1648)  (1599,1678)  (1610,1767)  (1610,1797)  (1610,1827)  (1562,1875)  (1532,1875)  (1611,1708)  (1622,1857)  (1622,1887)  (1592,1887)  (1629,1621)  (1629,1651)  (1640,1738)  (1640,1768)  (1640,1798)  (1562,1905)  (1641,1681)  (1652,1828)  (1605,1917)  (1659,1604)  (1659,1634)  (1670,1711)  (1670,1741)  (1575,1935)  (1671,1664)  (1689,1623)  (1700,1694)  (1598,1965)  (1701,1653)  (1730,1683)
Dyker Heights  (1034,1772)  (1063,1802)  (1033,1802)  (1019,1742)  (1049,1742)  (1064,1772)  (1079,1727)  (1093,1802)  (1093,1832)  (1063,1832)  (1033,1832)  (1030,1712)  (1094,1757)  (1060,1697)  (1109,1712)  (1123,1787)  (1123,1817)  (1100,1862)  (1070,1862)  (1124,1742)  (1153,1772)  (1154,1738)
Co-Op City  (1968,245)  (1986,215)  (1985,275)  (1998,305)
Gramercy  (1299,1039)  (1290,1069)  (1314,1007)  (1290,1099)  (1331,977)